{
    "timestamp": "2025-03-06T20:13:24.243285",
    "values": {
        "tit02": 19.38404083251953,
        "tit01": 22.74492073059082,
        "pit02": 2.318851947784424,
        "pit01": 3.0839335918426514,
        "pit03": 2.1198129653930664,
        "temperatura": 25.004539489746094,
        "velocidade": 39.31983184814453,
        "vazao": 13.382266998291016
    }
}